1170
1189
1281
1363
1390
1480
1484
1527
1536
1564
1619
1680
1724
1740
1835
1869
1880
1897
2018
2067
2170
2181
2251
2275
2276
2287
2298
2360
2377
2399
2419
2450
2458
2517
2518
2524
2548
2554
2568
2585
2602
2620
2624
2639
2663
2729
2868
2906
3005
3015
3115
3118
3168
3225
3237
3305
3356
3373
3436
3542
3652
4010
4021
4202
4234
4365
4381
4424
4460
4511
4532
4533
4742
4775
4789
5060
5120
5280
5306
5315
5464
5478
5512
5567
5621
5711
5789
5946
5960
6411
6449
6592
6653
6685
6712
6769
6978
7002
7110
7245
7475
7486
7511
7677
7714
7722
7829
7852
7873
7877
7931
8421
8461
8502
8814
8910
8988
9023
9200
9339
9485
9731
9865
9875
9987
0041
0042
0076
0089
0138
0144
0153
0157
0345
0431
1045
1078
1081
1082
1096
1160
1193
1282
1571
1613
1636
1637
1669
1670
1686
1885
1886
2033
2137
2160
2185
2188
2248
2285
2351
2375
2379
2452
2462
2465
2474
2535
2536
2565
2582
2615
2755
2767
2779
2813
2819
2834
2839
2888
2908
2972
2999
3024
3031
3145
3159
3227
3261
3281
3309
3328
3335
3336
3338
3426
3432
3478
3541
3547
3556
3666
3692
3710
3777
3824
4017
4024
4157
4160
4212
4245
4325
4356
4412
4601
4812
4817
4855
4869
5051
5335
5465
5528
5585
5599
5612
5628
5657
5698
5713
5715
6155
6316
6353
6486
6776
6778
6842
6886
6963
7101
7172
7211
7447
7500
7576
7611
7757
7861
7867
