0703
0705
0731
0801
0827
1070
1132
1138
1192
1301
1309
1315
1420
1541
1710
1789
1888
1903
2101
2105
2133
2234
2236
2288
2401
2500
3310
4561
5001
6497
6699
0430
0605
0720
0806
0821
0902
0905
1042
1238
1240
1302
1303
1304
1317
1320
1407
1471
1510
1518
1523
1542
1598
1936
2301
2304
2410
2512
2514
3213
3216
3323
3421
3825
4111
4865
5129
5225
5432
5665
7171
7373
7711
7749
8008
9191
9510
0187
0608
0629
0706
0726
0819
1088
1239
1278
1289
1307
1316
1359
1532
1623
1688
1707
1820
1836
1892
1902
1917
1929
1932
2021
2204
2213
2230
2235
2313
2456
2588
3001
3003
3110
3123
3215
3233
3311
4114
4201
4268
4556
5123
5646
6609
7531
8000
8686
9115
9911
0023
0627
0630
0716
1098
1145
1147
1182
1187
1241
1288
1326
1340
1356
1408
1477
1501
1504
1505
1520
1524
1530
1595
1718
1775
1810
1904
1909
1910
1912
2013
2124
2143
2232
2277
2303
2306
2321
2508
2513
2526
2527
3021
3160
3231
3388
3452
3800
4456
4488
4554
4563
4989
6543
7789
7895
8246
9119
0143
0830
1032
1040
1135
1166
1175
1178
1308
1332
1347
1401
1403
1430
1458
1479
1502
1503
1602
1608
1610
1803
1819
1877
1906
1935
2009
2107
2109
2126
2132
2200
2201
2208
2215
2218
2322
2326
2334
2413
2505
2611
2707
2712
2811
3122
3212
3366
4416
4500
4565
5112
5577
5654
6060
6942
7799
9595
9632
0021
0022
0152
0979
1041
