1177
1350
1404
1809
1928
1939
2111
2202
2312
2314
2341
3006
6767
0078
0117
0118
0206
0211
0215
0223
0324
0407
0424
0504
0506
0516
0522
0614
0723
0728
0729
0810
0824
0828
0920
1155
2006
2104
2226
2255
4343
5588
6565
7896
8585
9000
0105
0126
0131
0222
0306
0307
0320
0418
0427
0429
0511
0527
0607
0617
0701
0717
0724
0725
0727
0802
0804
0823
0906
1258
1300
1342
1397
1470
1905
2011
3322
3344
3355
3412
5959
8787
0010
0098
0108
0113
0227
0242
0308
0514
0518
0520
0601
0615
0805
0816
0901
0910
0930
1244
1322
1325
1410
1425
1469
1555
1730
1793
1908
2122
2131
2310
2918
3113
3133
3223
3515
4123
4568
4949
5353
5566
6262
8426
8899
9874
0071
0079
0107
0109
0115
0201
0216
0406
0421
0422
0519
0602
0623
0709
0826
1237
1250
1269
1310
1358
1441
1456
1466
1516
1525
1933
1938
2012
2100
2134
2205
2258
2357
3256
3321
3477
4004
6405
7899
8484
9696
0002
0226
0309
0329
0401
0403
0528
0530
0531
0618
0620
0628
0713
0719
0831
0852
1255
1329
1380
1402
1435
1821
1920
2007
2324
2333
2511
3112
3377
3669
3927
4562
5525
6363
6868
7000
7007
7676
7734
8181
9292
9900
0008
0529
0603
0609
0621
0626
0702
0715
0718
0803
0814
0817
0903
1305
1333
1500
1511
1512
1596
1711
1881
1900
1925
2223
2369
2411
2425
2442
3013
3111
3141
3353
7412
0080
0106
0190
0207
0409
0503
0508
0619
