7477
8808
8898
9009
9110
9991
0004
0014
0342
0357
0691
0990
1057
1064
1079
1139
1152
1154
1156
1169
1327
1352
1438
1440
1506
1509
1526
1559
1567
1605
1620
1626
1700
1704
1713
1725
1778
1801
1805
1822
2024
2125
2150
2187
2209
2241
2266
2358
2408
2415
2430
2441
2509
2539
2609
2622
2703
2728
2772
2810
2910
3134
3236
3304
3570
3651
3840
4333
4422
4560
4600
4700
5070
5412
5522
5788
5882
6688
6761
6977
7771
8462
8509
9773
9989
0005
0020
0025
0090
0100
0159
0230
0333
1047
1050
1058
1083
1151
1180
1252
1266
1298
1372
1377
1457
1475
1476
1514
1522
1552
1570
1575
1601
1628
1702
1777
1788
1860
1899
1921
2026
2117
2135
2290
2315
2367
2400
2403
2422
2434
2435
2455
2466
2506
2603
2627
2708
2801
2812
2882
2925
3007
3157
3166
3200
3235
3254
3266
3270
3324
3339
3399
3403
3512
3693
3699
3802
4219
4312
4411
4445
4566
4654
5200
5221
5246
5263
5423
5455
5623
5674
5880
5912
6125
6453
6540
6677
7103
7779
8383
9877
0018
0027
0033
0777
0880
1055
1056
1074
1077
1148
1153
1167
1168
1173
1191
1246
1249
1330
1337
1429
1450
1451
1531
1600
1621
1632
1666
1721
1722
1739
1870
1876
1887
1926
2045
2141
2169
2217
2224
2228
2242
2243
2245
2252
2257
2342
2344
2378
2423
2426
2428
2480
2482
2522
2574
2579
2604
2705
2777
2808
2846
3025
3100
3107
3124
3224
3315
3318
3411
