1069
1131
1141
1284
1319
1375
1416
1417
1424
1488
1551
1603
1604
1618
1652
1664
1665
1719
1927
2015
2030
2080
2120
2130
2203
2307
2308
2327
2507
2610
2662
2684
2911
3011
3108
3369
4232
4244
6161
6357
7654
7787
8021
0003
0369
1090
1140
1149
1172
1185
1247
1253
1280
1334
1378
1406
1409
1413
1418
1421
1422
1434
1611
1709
1712
1728
1732
1828
1901
1918
1922
1923
1930
2022
2023
2094
2102
2108
2114
2207
2221
2302
2316
2405
2503
2552
2612
2711
2903
3004
3105
3125
3221
3334
4011
4474
4477
4486
4512
4884
5013
6321
7411
7856
8411
8765
9797
0351
0730
0999
1033
1035
1036
1038
1143
1162
1242
1286
1306
1328
1400
1405
1428
1431
1444
1486
1508
1540
1545
1589
1597
1599
1612
1624
1703
1804
1811
1924
1934
2025
2106
2115
2136
2225
2229
2231
2300
2305
2309
2318
2325
2331
2404
2406
2417
2504
2520
2589
2710
3121
3250
3303
3320
3325
3658
3721
4433
4523
5115
5233
5456
5544
5881
7117
7123
7778
9413
9583
9630
0072
0584
1037
1067
1174
1198
1257
1277
1299
1433
1436
1507
1517
1521
1580
1617
1705
1771
1807
1808
1879
1913
2040
2046
2050
2113
2119
2144
2206
2214
2272
2337
2365
2402
2407
2464
2502
2575
2606
2633
2802
3010
3012
3055
3103
3132
3234
3245
3312
3313
3433
3435
3511
3691
3698
4007
4142
4288
4431
4564
4569
4578
5212
5354
5424
5677
5689
6667
7179
7399
7458
