1478
1950
1992
3000
3636
4242
8989
0203
0604
0911
1109
1254
1321
1492
1949
7788
0120
0311
1256
1290
1346
4141
0009
0210
0314
0922
1369
1432
1472
2486
4862
0083
0213
0510
0625
1200
1453
1947
1948
0110
0204
0313
0326
0412
0711
0722
0908
0923
1066
1323
1331
1776
2510
3117
4040
7894
9981
0024
0512
0515
0918
0927
0928
1312
1415
2010
2244
2929
5151
5683
6996
7070
7272
7474
0012
0111
0128
0220
0225
0302
0310
0315
0318
0323
0402
0410
0413
0416
0423
0428
0502
0525
0606
0714
0811
0822
0917
0924
1080
1134
1188
1411
1412
1812
1907
1941
1944
1946
1993
1994
1996
1997
2005
2008
2103
2356
5858
6464
6669
8080
0112
0122
0304
0305
0312
0325
0327
0611
0704
0712
0809
0829
1248
1437
1940
1943
1995
2123
2210
2212
2332
2412
3211
3214
3838
4001
4646
4747
9898
9988
0013
0069
0099
0103
0114
0209
0212
0258
0301
0319
0331
0405
0408
0419
0501
0509
0513
0517
0521
0523
0622
0721
0813
0818
0913
0914
0926
0929
1144
1311
1590
1911
1937
2469
3579
4711
4860
5757
5888
0116
0205
0208
0217
0228
0317
0330
0414
0415
0417
0486
0507
0524
0610
0612
0613
0624
0666
0807
0812
0820
0915
0919
1199
1345
1452
1800
1914
2110
2311
2501
3690
3737
3939
4000
4455
4848
7575
7913
0104
0119
0127
0129
0130
0218
0219
0221
0224
0322
0328
0425
0426
0526
0616
0708
0710
0825
0904
0916
0921
0925
