3577
3663
4144
4421
4466
4520
4864
4868
5004
5005
5105
5420
5421
5533
5574
5844
5861
5963
6988
7001
7301
7889
8013
8575
8624
9087
9112
9947
0188
0456
0900
1137
1150
1159
1260
1263
1276
1279
1297
1349
1385
1442
1443
1578
1579
1609
1622
1699
1706
1708
1802
1806
1814
1824
1832
1915
2014
2145
2237
2280
2336
2389
2409
2519
2531
2569
2689
2704
2709
2714
2804
2806
2905
3101
3120
3179
3283
3300
3331
3332
3522
3618
3733
4020
4130
4231
4354
4441
4555
4785
5153
5333
5375
5511
5763
6000
6017
6822
7011
7077
7200
7414
7643
7707
7712
7773
7869
7887
7988
7997
8011
8070
8088
8210
8311
8472
8586
8588
8779
8951
9022
9494
9933
9942
9966
9990
0006
0015
0017
0064
0088
0134
0189
0250
0690
0800
0878
0879
0982
1046
1048
1053
1065
1071
1072
1073
1157
1163
1265
1268
1275
1285
1335
1351
1364
1382
1386
1388
1399
1427
1528
1538
1569
1583
1592
1654
1720
1727
1774
1781
1823
1827
1931
2118
2140
2180
2269
2319
2330
2414
2416
2429
2431
2467
2477
2488
2523
2529
2607
2706
2909
3126
3158
3201
3217
3277
3357
3363
3578
3790
4150
4415
4582
4620
4815
5010
5168
5325
5410
5417
5523
6200
6225
7202
7277
7304
7610
7865
8010
8107
8504
8577
8642
8877
9001
9012
9711
9870
0145
0479
0555
1063
1068
1094
1171
1179
1184
1186
1190
1251
1267
1272
1273
1274
1336
1338
1344
1348
1355
1365
