2028
2052
2063
2177
2317
2343
2362
2385
2390
2427
2479
2481
2521
2719
2881
2930
3008
3090
3104
3135
3164
3206
3278
3280
3287
3314
3528
3536
3654
3981
4211
4213
4214
4332
4400
4417
4570
4575
4653
4656
4769
4774
4778
4866
5160
5213
5223
5270
5308
5366
5400
5477
5486
5556
5565
5625
5746
5825
5967
5978
6465
6544
6655
6786
7111
7198
7448
7577
7644
7667
7774
7904
7958
8001
8018
8252
8425
8649
8650
8669
8789
8848
8875
9513
9998
0016
0045
0049
0075
0243
0550
0588
0770
0985
1054
1076
1086
1089
1161
1176
1270
1361
1366
1368
1371
1381
1387
1426
1455
1463
1468
1543
1562
1563
1568
1661
1684
1729
1744
1783
1893
1898
2099
2127
2128
2129
2138
2147
2154
2157
2192
2227
2240
2265
2320
2338
2354
2418
2420
2421
2432
2433
2470
2533
2534
2545
2546
2550
2576
2583
2613
2653
2666
2722
2733
2803
2805
2807
2864
2901
2904
3014
3119
3129
3169
3184
3220
3241
3246
3288
3294
3301
3474
3521
3600
3707
3711
3811
3849
4100
4112
4122
4210
4420
4425
4442
4484
4647
5020
5152
5154
5202
5222
5245
5248
5250
5251
5255
5257
5321
5445
5458
5494
5545
5546
5548
5600
5673
5693
5846
5957
6123
6525
6541
6665
6785
6797
6874
6895
6987
7004
7023
7150
7456
7704
7717
7733
7891
7898
8118
8153
8158
8186
8511
8884
8912
8919
9080
9393
9779
9889
9979
9995
0019
0229
1034
1044
1095
1099
1158
