1446
1513
1533
1534
1535
1537
1548
1550
1606
1607
1690
1726
1754
1825
1830
1840
1850
1890
2019
2142
2148
2164
2216
2219
2335
2346
2355
2448
2515
2587
2600
2628
2701
2723
2816
2855
2912
3009
3114
3142
3316
3326
3341
3410
3424
3443
3451
3534
3537
3727
4077
4125
4224
4258
4414
4454
4521
4546
4588
4589
4663
4666
4682
4790
5011
5121
5169
5193
5210
5254
5362
5433
5500
5503
6288
6542
6661
6900
7100
7210
7227
7256
7700
7744
7755
7769
7879
7882
8108
8264
8424
8998
9312
9512
9669
9801
9878
9899
9955
0074
0789
1043
1051
1075
1087
1142
1259
1262
1264
1283
1339
1370
1447
1454
1459
1544
1591
1593
1634
1678
1714
1723
1790
1829
1852
1883
1916
2027
2116
2220
2263
2274
2279
2286
2328
2340
2366
2391
2436
2516
2528
2541
2555
2563
2590
2601
2605
2608
2625
2809
2829
2907
2935
2987
3002
3033
3130
3144
3198
3203
3267
3299
3330
3337
3345
3367
3425
3500
3504
3553
3569
3637
3792
3947
4121
4402
4404
4448
4543
4587
5104
5155
5177
5211
5232
5236
5253
5404
5488
5575
5687
5885
6112
6636
6644
6660
6783
6869
7102
7491
7557
7718
7766
7897
7911
7987
7999
8272
8312
8521
8525
8824
8889
9014
9225
9394
9713
0032
0140
0158
0577
0933
0972
1181
1197
1295
1296
1341
1343
1353
1354
1374
1391
1394
1419
1448
1467
1489
1490
1519
1627
1733
1735
1815
1844
1875
1882
1889
2016
2017
