5107
5147
5205
5216
5226
5227
5239
5240
5271
5320
5347
5363
5390
5439
5444
5476
5485
5515
5572
5626
5630
5634
5652
5666
5675
5769
5821
5894
5896
5950
5989
5995
6015
6040
6191
6234
6250
6261
6272
6276
6277
6290
6355
6367
6400
6431
6485
6553
6574
6600
6623
6624
6679
6696
6782
6788
6810
6913
7003
7033
7120
7201
7266
7302
7376
7383
7427
7471
7479
7509
7598
7655
7710
7745
7805
7821
7862
7864
7874
7888
7910
7991
8077
8109
8192
8201
8202
8219
8279
8283
8338
8514
8516
8567
8569
8584
8701
8710
8712
8715
8749
8790
8805
8879
8897
8922
8946
8974
9190
9211
9239
9399
9411
9619
9636
9663
9718
9807
9811
9845
9927
9937
9944
9982
9984
0030
0036
0133
0135
0148
0162
0165
0245
0269
0347
0349
0358
0364
0482
0567
0592
0678
0744
0747
0786
0844
0854
0932
0937
1097
1650
1655
1662
1696
1756
1759
1763
1768
1831
1851
1854
1867
2054
2092
2158
2198
2267
2537
2544
2557
2573
2595
2632
2637
2676
2680
2687
2754
2778
2783
2794
2871
2876
2877
2919
2939
2979
2986
3056
3167
3185
3187
3276
3347
3359
3401
3409
3417
3439
3441
3459
3508
3517
3564
3566
3572
3631
3641
3650
3665
3670
3679
3681
3738
3739
3801
3833
3843
3845
3884
3940
4118
4155
4180
4207
4208
4226
4247
4286
4300
4315
4351
4419
4453
4462
4506
4515
4522
4534
4541
4585
4679
4689
4721
4863
4888
4951
5038
5041
5091
