2686
2688
2702
2715
2718
2818
2856
3020
3116
3155
3182
3204
3242
3244
3251
3259
3286
3291
3306
3386
3415
3430
3445
3455
3462
3476
3510
3543
3594
3639
3810
3841
3911
4012
4013
4022
4050
4152
4221
4225
4313
4550
4586
4655
4710
4800
4879
4967
5052
5055
5111
5124
5230
5282
5330
5386
5411
5438
5463
5466
5514
5563
5564
5595
5735
5758
5791
5879
5969
6036
6109
6110
6111
6210
6211
6251
6280
6455
6500
6556
6566
6611
6656
6676
6697
6912
6970
6989
7022
7151
7177
7188
7418
7421
7512
7532
7612
7765
7770
7776
7780
7782
7860
7892
7982
8007
8180
8203
8228
8500
8512
8513
8612
8675
8721
8788
8812
8925
8972
8977
9010
9091
9100
9201
9815
9909
0055
0060
0168
0684
0741
1291
1293
1554
1566
1585
1643
1675
1682
1715
1785
1816
1817
1841
1861
1874
1884
2139
2149
2162
2165
2174
2179
2253
2254
2256
2268
2349
2353
2380
2444
2454
2472
2483
2547
2578
2586
2665
2668
2773
2815
2820
2823
2825
2837
3017
3042
3102
3150
3199
3253
3327
3343
3414
3422
3423
3533
3791
3900
4042
4044
4102
4124
4133
4179
4185
4228
4248
4255
4311
4329
4334
4418
4446
4469
4497
4501
4516
4535
4544
4547
4591
4680
4861
4867
4932
4994
5021
5025
5126
5162
5165
5234
5291
5304
5337
5355
5377
5451
5510
5513
5543
5557
5586
5645
5777
6126
6206
6249
6266
6310
6399
6425
6548
6570
6663
6668
6687
6694
6801
