7959
8100
8126
8184
8310
8456
8489
8523
8678
8759
8800
8850
8864
8900
8901
9006
9117
9123
9677
9799
9813
9856
9871
9916
9977
9996
0066
0137
0142
0166
0192
0282
0442
0778
1060
1084
1091
1136
1146
1164
1165
1183
1194
1271
1362
1389
1461
1485
1487
1546
1547
1553
1560
1577
1586
1588
1594
1614
1615
1625
1644
1668
1692
1745
1750
1760
1770
1773
1787
1813
1826
1845
1848
2029
2031
2044
2055
2060
2085
2153
2239
2246
2250
2278
2282
2284
2299
2329
2347
2368
2439
2451
2457
2460
2475
2478
2530
2566
2614
2700
2789
2800
3109
3128
3161
3208
3209
3219
3222
3240
3258
3380
3406
3444
3467
3486
3513
3545
3585
3612
3613
3615
3625
3672
3818
3823
3894
3914
3918
4033
4041
4055
4126
4127
4128
4206
4235
4243
4256
4539
4548
4628
4649
4657
4722
4901
5024
5028
5116
5117
5133
5242
5310
5312
5504
5521
5535
5551
5554
5754
5808
5809
5841
5869
5966
6164
6275
6325
6369
6461
6554
6559
6633
6664
6713
7095
7260
7306
7321
7326
7337
7579
7604
7678
7824
7845
7902
7909
7989
8055
8133
8207
8318
8350
8477
8487
8811
8828
9125
9969
0031
0200
0235
0663
0734
0864
0980
0988
1049
1261
1287
1367
1398
1474
1481
1482
1573
1574
1587
1629
1631
1638
1648
1663
1736
1834
1838
1862
1864
2032
2034
2047
2088
2090
2155
2156
2199
2238
2262
2294
2348
2350
2443
2461
2532
2570
2621
2652
2667
2669
