4251
4269
4337
4434
4470
4472
4549
4612
4615
4632
4694
4720
4728
4811
4825
4826
4849
4852
5015
5019
5064
5132
5171
5188
5201
5220
5269
5276
5277
5285
5288
5300
5318
5326
5342
5426
5467
5481
5536
5552
5562
5587
5590
5606
5660
5702
5712
5759
5804
5847
5866
5895
5898
5906
6160
6231
6264
6279
6289
6368
6421
6424
6441
6462
6481
6675
6680
6682
6730
6747
6784
6914
7114
7140
7152
7221
7273
7283
7333
7387
7401
7409
7585
7607
7625
7633
7709
7713
7725
7767
7849
8101
8127
8188
8216
8221
8240
8287
8352
8510
8625
8687
8756
8819
8844
8846
9007
9182
9300
9497
9507
9566
9594
9610
9665
9764
9868
9872
9888
0038
0048
0150
0154
0156
0172
0177
0233
0246
0287
0484
0889
0970
1294
1392
1449
1483
1497
1498
1539
1558
1630
1640
1676
1799
2069
2084
2095
2184
2189
2193
2197
2259
2295
2363
2373
2445
2490
2495
2540
2558
2562
2581
2616
2618
2629
2630
2642
2644
2645
2654
2661
2716
2726
2731
2736
2747
2790
2822
2875
2898
2921
2934
2950
2956
3018
3066
3156
3230
3238
3319
3350
3360
3365
3370
3407
3431
3440
3514
3544
3555
3568
3591
3635
3713
3787
3839
3877
3891
4035
4080
4119
4143
4184
4204
4222
4314
4328
4331
4341
4355
4371
4405
4423
4451
4480
4483
4485
4537
4577
4579
4580
4598
4652
4660
4662
4684
4701
4731
4788
4792
4820
4823
4832
4853
4878
4936
4959
4972
4979
4991
