4923
4957
4973
4977
4982
4987
5030
5042
5114
5138
5143
5172
5184
5189
5203
5218
5228
5266
5283
5295
5322
5384
5401
5428
5452
5457
5459
5471
5474
5489
5526
5534
5542
5568
5616
5618
5733
5755
5832
5842
5850
5857
5864
5899
5911
5913
5937
5986
6007
6008
6162
6235
6255
6283
6312
6341
6404
6413
6468
6521
6575
6647
6755
6758
6765
6777
6787
6845
6909
6974
6980
7024
7042
7051
7113
7129
7139
7147
7155
7157
7174
7183
7276
7288
7305
7312
7318
7329
7425
7444
7445
7465
7470
7480
7488
7504
7543
7559
7566
7574
7669
7679
7703
7719
7738
7742
7818
7883
7907
7926
7965
8020
8056
8084
8110
8125
8157
8183
8275
8289
8304
8389
8436
8451
8491
8501
8555
8576
8582
8587
8595
8684
8821
8843
8907
8923
8976
9004
9170
9293
9327
9363
9505
9518
9565
9582
9600
9623
9777
9791
9887
9891
9896
9914
9957
9964
9976
0091
0097
0182
0240
0255
0272
0279
0338
0450
0453
0534
0748
0780
0792
0871
0948
0981
1039
1651
1667
1737
1741
1761
1798
1839
1857
2038
2061
2086
2089
2173
2183
2271
2446
2471
2496
2641
2670
2694
2748
2771
2775
2835
2879
2887
2890
2891
2951
2980
2990
3044
3075
3175
3260
3262
3329
3364
3383
3471
3479
3490
3531
3548
3557
3559
3567
3605
3644
3700
3712
3728
3763
3807
3812
3834
3837
3887
3890
3901
3938
3982
3999
4030
4096
4117
4145
4159
4164
4172
4177
4209
4253
4272
