1687
1772
1849
1894
1896
2049
2056
2070
2077
2196
2281
2291
2364
2370
2437
2447
2453
2473
2489
2551
2561
2623
2635
2650
2677
2717
2720
2721
2725
2750
2853
2916
2922
3032
3035
3060
3070
3080
3089
3106
3147
3162
3202
3207
3279
3298
3302
3375
3442
3457
3472
3501
3519
3524
3575
3580
3587
3590
3622
3624
3628
3879
3883
3960
4161
4168
4171
4223
4274
4279
4372
4450
4489
4664
5002
5017
5032
5102
5103
5144
5191
5231
5256
5418
5419
5441
5472
5560
5576
5593
5602
5610
5632
5633
5812
5940
6023
6064
6157
6245
6336
6372
6420
6610
6626
6638
6654
6658
6775
6795
6920
6971
6999
7068
7112
7116
7162
7235
7274
7391
7535
7605
7664
7737
7758
7786
7807
7811
7854
8113
8301
8432
8448
8468
8486
8542
8648
8702
8778
8869
8881
8920
9015
9173
9311
9498
9500
9519
9551
9555
9633
9725
9788
9789
9912
9951
0068
0087
0180
0199
0248
0344
0485
0689
0775
0890
0945
1061
1062
1396
1465
1529
1556
1645
1683
1689
1743
1780
1784
1833
1837
1855
1856
1863
1873
1878
2048
2093
2163
2166
2273
2297
2359
2388
2395
2484
2487
2491
2542
2631
2636
2658
2679
2737
2781
2787
2824
2827
2866
2886
2920
2957
3022
3068
3127
3137
3264
3272
3282
3340
3342
3349
3402
3404
3408
3419
3427
3429
3437
3454
3516
3518
3520
3525
3526
3554
3719
3742
3773
3798
3817
3821
4109
4151
4205
4215
4277
4295
4310
4316
