5012
5088
5089
5090
5125
5164
5272
5279
5292
5346
5351
5358
5416
5435
5475
5501
5520
5559
5580
5584
5591
5598
5629
5647
5679
5682
5747
5748
5752
5771
5811
5874
5891
5983
6012
6033
6066
6099
6100
6101
6122
6163
6179
6223
6224
6226
6248
6446
6456
6463
6512
6530
6532
6537
6546
6547
6569
6601
6673
6711
6819
6866
6878
6946
6955
6976
7005
7130
7173
7185
7311
7378
7388
7403
7454
7473
7590
7606
7666
7689
7716
7724
7751
7783
7802
7921
7952
7978
8016
8134
8176
8190
8277
8288
8347
8348
8385
8404
8409
8464
8471
8475
8480
8485
8494
8505
8515
8531
8740
8818
8823
8878
8963
8969
9021
9069
9098
9116
9198
9263
9290
9423
9527
9541
9653
9659
9698
9787
9879
9901
9910
9923
9975
0034
0081
0141
0249
0256
0257
0270
0455
0655
0700
0865
0957
0969
0997
1393
1582
1681
1755
1792
1866
1895
2066
2167
2195
2260
2361
2371
2384
2398
2440
2634
2646
2659
2674
2685
2730
2762
2766
2784
2841
2913
2928
2940
2975
2992
3027
3028
3041
3050
3149
3188
3190
3197
3228
3239
3249
3257
3307
3371
3372
3413
3458
3460
3465
3488
3489
3509
3626
3632
3638
3640
3701
3718
3789
3816
3822
3875
3978
4051
4062
4101
4154
4218
4220
4227
4240
4250
4278
4409
4413
4439
4449
4452
4458
4464
4468
4471
4475
4510
4517
4525
4595
4678
4685
4712
4714
4729
4794
4813
4891
4909
4950
5027
5040
5074
5077
5082
