6911
6954
6968
7018
7021
7332
7374
7377
7415
7466
7478
7602
7603
7726
7747
7759
7880
7946
7980
8002
8104
8119
8123
8258
8384
8572
8668
8711
8723
8822
8855
8890
8892
8991
9852
9919
0035
0044
0073
0179
0191
0343
0346
0385
0535
0571
1059
1195
1292
1360
1383
1384
1445
1561
1565
1572
1635
1641
1671
1674
1677
1679
1691
1716
1731
1734
1747
1786
1842
1865
1871
2035
2057
2064
2065
2146
2151
2161
2168
2175
2178
2247
2374
2485
2497
2543
2567
2577
2617
2648
2657
2713
2814
2817
2833
2873
2900
2902
3040
3152
3163
3180
3218
3243
3247
3255
3265
3317
3352
3358
3379
3400
3420
3453
3505
3546
3588
3611
3614
3703
3750
3814
3925
3942
3945
3971
4015
4078
4110
4113
4115
4176
4320
4322
4344
4383
4386
4440
4513
4536
4540
4611
4725
5007
5022
5100
5110
5156
5157
5235
5262
5268
5284
5348
5413
5415
5440
5461
5507
5578
5579
5603
5624
5635
5639
5669
5775
5781
5800
5852
6006
6120
6154
6165
6254
6300
6364
6366
6407
6412
6488
6511
6545
6622
6662
6768
6890
6972
7080
7090
7137
7142
7189
7250
7313
7533
7580
7673
7721
7727
7775
7812
7912
7920
7981
8081
8090
8111
8112
8234
8589
8798
8809
8810
8893
9008
9011
9333
9515
9606
9744
9753
9812
9821
9939
0026
0028
0029
0063
0082
0092
0337
0532
0942
0977
0978
0989
1085
1093
1196
1376
1395
1460
1473
1584
1633
1642
1647
1649
1657
