4323
4410
4432
4487
4504
4526
4551
4552
4571
4590
4613
4619
4624
4648
4748
4777
4791
4808
4850
4911
5014
5033
5080
5108
5130
5141
5180
5204
5214
5217
5241
5259
5311
5331
5356
5408
5431
5462
5468
5517
5553
5558
5569
5641
5655
5667
5676
5696
5765
5768
5790
5840
5859
5878
6001
6061
6069
6116
6145
6258
6428
6466
6469
6476
6502
6519
6535
6608
6671
6678
6686
6756
6844
6871
6984
7010
7017
7050
7089
7093
7190
7214
7252
7285
7300
7310
7400
7417
7476
7510
7530
7551
7600
7656
7701
7741
7756
7797
7800
7866
7876
7901
7971
8004
8012
8082
8089
8121
8179
8211
8218
8244
8371
8406
8412
8455
8530
8544
8558
8596
8688
8700
8791
8831
8833
8852
8866
8880
8891
8967
9002
9052
9074
9099
9140
9306
9392
9511
9545
9800
9808
9822
0094
0132
0175
0196
0231
0234
0288
0300
0352
0387
0500
0652
0783
0892
0944
1462
1464
1659
1685
1742
1767
1769
1853
1872
1891
2159
2171
2182
2186
2190
2264
2283
2289
2292
2352
2386
2387
2438
2459
2463
2560
2564
2571
2572
2584
2599
2647
2664
2691
2740
2752
2759
2791
2795
2799
2821
2830
2831
2842
2850
2869
2885
2892
2917
2969
2988
3023
3136
3140
3143
3170
3205
3226
3308
3368
3378
3393
3416
3428
3450
3461
3469
3539
3551
3565
3571
3610
3645
3646
3649
3667
3686
3695
3696
3715
3850
3944
3993
4002
4027
4029
4045
4120
4132
4156
4169
4216
4236
