5101
5135
5140
5174
5224
5229
5258
5293
5324
5344
5414
5434
5446
5487
5505
5506
5589
5620
5622
5643
5644
5648
5661
5664
5668
5686
5697
5700
5714
5787
5819
5820
5824
5843
5953
5955
5970
5985
5988
6021
6029
6102
6115
6150
6166
6214
6220
6256
6397
6513
6523
6567
6602
6707
6888
6918
6966
6981
7012
7020
7071
7104
7175
7265
7367
7406
7413
7449
7497
7501
7525
7621
7622
7640
7648
7772
7796
7858
7908
7956
7964
7977
8014
8025
8073
8182
8205
8250
8251
8260
8284
8285
8314
8366
8401
8410
8427
8524
8541
8611
8629
8706
8876
8887
8911
8958
8990
8993
9017
9020
9106
9188
9345
9355
9414
9449
9533
9544
9561
9575
9631
9709
9756
9786
9809
9820
9842
9849
9851
9864
9890
9897
9925
9980
9992
9993
0056
0093
0169
0241
0274
0356
0441
0477
0774
0779
0898
0931
0955
0976
1373
1439
1491
1493
1581
1697
1753
1765
1782
1858
2058
2068
2082
2172
2176
2249
2296
2339
2376
2382
2449
2476
2498
2499
2538
2556
2591
2656
2678
2724
2744
2788
2792
2840
2861
2878
2880
2955
2974
2985
3087
3139
3154
3177
3191
3269
3351
3354
3391
3397
3475
3502
3538
3552
3560
3606
3621
3623
3630
3648
3662
3680
3684
3697
3714
3819
3827
3831
3832
3855
3888
3912
3931
4005
4023
4026
4028
4116
4135
4190
4233
4252
4262
4266
4285
4324
4352
4406
4426
4443
4482
4527
4542
4610
4688
4713
4750
4757
4844
4876
