7069
7073
7078
7096
7098
7159
7166
7217
7292
7361
7371
7402
7408
7426
7513
7553
7567
7649
7651
7657
7688
7706
7793
7825
7833
7848
7886
8140
8159
8164
8215
8231
8243
8266
8269
8320
8393
8403
8503
8506
8507
8508
8547
8600
8616
8645
8664
8672
8676
8691
8713
8770
8786
8793
8802
8913
8916
8933
8971
8979
8980
8992
8994
9019
9031
9041
9077
9147
9153
9187
9199
9202
9221
9226
9238
9422
9439
9455
9490
9542
9559
9585
9597
9614
9635
9652
9672
9691
9705
9810
9903
9904
9956
9961
9963
9971
0058
0084
0193
0268
0291
0335
0367
0383
0398
0458
0469
0759
0772
0787
0841
0848
0850
0868
0873
0876
0896
1694
1752
1794
1795
2087
2638
2651
2682
2697
2741
2749
2761
2764
2765
2797
2844
2863
2870
2954
2963
2971
2997
3043
3057
3061
3074
3082
3194
3483
3583
3657
3694
3769
3770
3788
3799
3820
3844
3867
3876
3886
3908
3916
3917
3989
3996
4006
4031
4032
4036
4057
4149
4158
4192
4198
4246
4261
4294
4303
4306
4375
4385
4436
4491
4559
4592
4606
4626
4640
4651
4668
4716
4727
4780
4834
4871
4877
4889
4915
4952
4960
4971
4976
5048
5078
5183
5190
5249
5267
5303
5364
5371
5448
5449
5473
5527
5692
5701
5722
5772
5784
5802
5813
5814
5870
5883
5907
5924
5941
5945
5952
5965
5968
5975
5991
6003
6067
6070
6105
6117
6136
6153
6158
6168
6175
6204
6217
6273
6302
6305
6314
6334
6352
