7199
7222
7237
7240
7259
7289
7342
7351
7379
7390
7481
7523
7528
7555
7561
7569
7630
7653
7684
7748
7753
7791
7794
7809
7819
7847
7900
7905
7922
7923
7983
7984
8098
8106
8135
8147
8214
8248
8298
8372
8405
8407
8416
8474
8537
8559
8564
8574
8716
8731
8745
8771
8816
8871
8873
9024
9101
9113
9122
9180
9204
9254
9349
9401
9424
9452
9458
9481
9502
9547
9584
9634
9742
9750
9760
9792
9886
9931
9994
0037
0050
0059
0086
0161
0163
0178
0198
0252
0275
0276
0339
0375
0391
0457
0459
0462
0474
0489
0533
0561
0562
0563
0570
0586
0587
0599
0668
0846
0958
1494
1496
1646
1656
1698
1749
1762
1796
2053
2098
2397
2553
2732
2734
2743
2770
2796
2926
2945
2978
3037
3153
3195
3252
3381
3473
3563
3573
3593
3602
3675
3676
3677
3779
3795
3806
3828
3853
3863
3892
3910
3937
3941
3946
3977
4103
4104
4136
4146
4153
4270
4347
4367
4388
4393
4430
4438
4505
4594
4609
4614
4616
4621
4633
4670
4709
4723
4741
4758
4773
4783
4786
4824
4835
4846
4872
4873
4883
4908
4980
5046
5127
5161
5187
5332
5341
5350
5368
5409
5430
5518
5530
5547
5573
5609
5662
5736
5779
5828
5849
5851
5867
5875
5884
5886
5922
5998
6030
6083
6107
6118
6143
6181
6184
6188
6198
6257
6263
6274
6282
6294
6317
6337
6418
6432
6477
6483
6515
6520
6563
6583
6587
6593
6599
6604
6616
6630
6672
6773
6812
6814
