0487
0488
0495
0542
0546
0569
0576
0600
0653
0654
0657
0683
0750
0771
0973
1639
1758
1779
1868
2062
2073
2083
2191
2372
2393
2549
2559
2592
2596
2619
2683
2695
2739
2745
2751
2760
2763
2849
2959
2960
2965
2973
2989
3029
3058
3062
3069
3096
3151
3173
3181
3192
3229
3275
3289
3382
3387
3389
3390
3418
3447
3470
3484
3540
3599
3609
3617
3634
3661
3668
3689
3705
3716
3725
3741
3746
3748
3848
3865
3915
3919
3984
3987
3994
4009
4018
4025
4039
4059
4066
4148
4163
4187
4194
4217
4249
4259
4264
4280
4282
4308
4326
4330
4350
4363
4387
4447
4461
4490
4528
4573
4581
4583
4593
4596
4637
4644
4665
4673
4677
4686
4691
4753
4760
4781
4882
4910
4918
4921
4999
5054
5071
5131
5159
5163
5170
5176
5182
5208
5260
5265
5299
5309
5316
5334
5369
5370
5372
5388
5479
5483
5596
5615
5619
5637
5650
5690
5756
5760
5767
5792
5798
5816
5830
5831
5836
5839
5854
5889
5892
5900
5910
5987
6024
6114
6134
6169
6199
6230
6292
6295
6323
6324
6340
6377
6398
6427
6504
6531
6555
6598
6606
6612
6625
6649
6674
6719
6725
6731
6774
6849
6859
6910
6959
6997
7027
7072
7088
7118
7133
7208
7213
7228
7248
7271
7279
7296
7325
7334
7382
7416
7420
7446
7452
7457
7468
7482
7518
7529
7540
7541
7548
7591
7596
7645
7650
7659
7798
7857
7868
7881
7893
7915
7985
7998
8006
8009
8022
8023
8033
