3835
3859
3869
3880
3936
3972
3990
3995
4147
4257
4267
4284
4290
4302
4318
4319
4335
4369
4427
4428
4478
4492
4524
4558
4599
4622
4658
4715
4718
4719
4732
4768
4771
4801
4830
4881
4895
4958
4983
4997
5006
5026
5043
5058
5085
5087
5134
5181
5219
5275
5305
5323
5359
5387
5436
5442
5447
5450
5470
5482
5492
5496
5509
5519
5539
5571
5592
5601
5604
5613
5617
5659
5708
5716
5727
5762
5778
5780
5782
5783
5799
5801
5822
5862
5863
5865
5868
5897
5932
5962
5990
6009
6025
6027
6044
6050
6104
6170
6185
6221
6228
6242
6270
6329
6331
6345
6365
6419
6460
6470
6484
6514
6516
6517
6534
6577
6578
6582
6586
6670
6762
6770
6771
6870
6884
6885
6889
6923
6958
6965
7006
7015
7025
7045
7047
7145
7164
7178
7212
7220
7232
7234
7257
7280
7282
7287
7290
7335
7419
7422
7423
7440
7441
7455
7484
7485
7505
7508
7524
7536
7546
7573
7586
7587
7588
7623
7658
7708
7781
7784
7884
7919
7963
8015
8046
8083
8103
8114
8166
8199
8245
8255
8256
8267
8286
8305
8317
8319
8321
8325
8342
8345
8402
8431
8522
8532
8562
8579
8632
8662
8694
8769
8785
8799
8825
8847
8853
8868
8896
8921
8937
8985
8986
8999
9082
9088
9102
9121
9165
9216
9222
9317
9368
9546
9579
9588
9611
9666
9685
9687
9758
9774
9790
9824
9831
9915
9920
9921
9973
0096
0170
0174
0239
0267
0281
0286
0350
0365
0476
0478
