4301
4403
4465
4494
4502
4514
4518
4519
4531
4584
4617
4659
4787
4798
4858
4887
4900
4941
5003
5008
5018
5044
5045
5053
5113
5118
5142
5199
5237
5244
5247
5264
5294
5298
5352
5357
5378
5392
5407
5460
5531
5570
5651
5681
5688
5776
5786
5827
5829
5833
5887
5904
5908
5931
5977
6011
6031
6222
6227
6232
6265
6285
6318
6326
6389
6406
6533
6590
6639
6681
6689
6700
6705
6740
6752
6876
6877
6891
6967
7121
7131
7144
7176
7262
7303
7319
7355
7375
7393
7517
7578
7595
7619
7687
7705
7731
7761
7785
7810
8003
8029
8030
8143
8191
8212
8324
8332
8381
8391
8414
8420
8482
8488
8552
8565
8590
8633
8689
8774
8870
8874
8902
8908
8949
8968
8981
9067
9118
9128
9166
9184
9192
9288
9295
9296
9298
9456
9569
9605
9721
9834
9847
9880
9922
9978
9986
0052
0085
0155
0167
0184
0238
0247
0341
0354
0386
0493
0574
0897
0986
0991
0995
1549
1576
1653
1673
1748
1764
1797
2039
2091
2097
2152
2492
2643
2690
2698
2757
2785
2826
2832
2836
2858
2883
2927
2931
2932
2977
2981
2996
3016
3034
3036
3098
3146
3171
3183
3186
3248
3296
3362
3376
3438
3446
3463
3468
3480
3485
3493
3507
3523
3627
3629
3642
3647
3678
3685
3688
3722
3786
3813
3846
3928
3933
4003
4019
4060
4069
4108
4170
4188
4196
4260
4265
4292
4342
4346
4357
4382
4457
4499
4507
4557
4576
4671
4733
4765
4784
4806
4836
