6354
6381
6383
6443
6457
6494
6510
6549
6627
6657
6693
6733
6790
6828
6832
6840
6848
6926
6930
6934
6944
6960
6973
6990
7034
7126
7135
7143
7146
7156
7195
7204
7223
7224
7225
7229
7233
7247
7253
7254
7264
7268
7270
7308
7309
7320
7331
7357
7359
7372
7464
7507
7563
7582
7584
7594
7627
7675
7680
7697
7729
7752
7806
7826
7839
7863
7885
7914
7934
7936
7995
8019
8031
8042
8060
8169
8170
8178
8208
8217
8236
8265
8271
8292
8307
8308
8322
8358
8408
8415
8444
8457
8527
8533
8534
8535
8581
8583
8604
8618
8626
8651
8654
8660
8667
8692
8742
8815
8836
8856
8863
8914
8931
8934
8965
8978
9070
9083
9092
9133
9135
9150
9154
9175
9196
9232
9250
9255
9286
9303
9331
9354
9400
9427
9463
9474
9478
9479
9531
9563
9568
9591
9618
9662
9678
9689
9700
9761
9855
9929
9985
0176
0262
0263
0470
0475
0483
0491
0540
0573
0594
0634
0640
0776
0782
0799
1859
2742
2746
2753
2895
2923
2936
2947
2948
2958
3047
3085
3495
3506
3530
3584
3603
3687
3720
3734
3753
3765
3767
3781
3864
3870
3885
3889
3948
4047
4054
4084
4099
4137
4191
4197
4199
4238
4340
4359
4397
4496
4498
4574
4608
4639
4641
4661
4708
4740
4746
4754
4762
4816
4828
4925
4942
4947
4953
4988
4992
5009
5069
5072
5119
5207
5238
5278
5287
5490
5653
5684
5695
5699
5717
5773
5807
5815
5845
5853
5872
5893
5917
5926
