8040
8085
8102
8115
8116
8117
8120
8130
8155
8168
8187
8209
8226
8237
8257
8290
8300
8316
8367
8433
8469
8499
8528
8683
8772
8830
8842
8950
8970
9003
9013
9025
9040
9050
9155
9203
9213
9227
9281
9357
9395
9410
9486
9506
9523
9557
9567
9577
9693
9697
9699
9710
9712
9722
9784
9802
9819
9830
9873
9902
9917
9918
9924
9965
9997
0039
0046
0236
0254
0260
0297
0332
0336
0432
0440
0539
0582
0661
0667
0754
0769
0788
0790
0935
0943
0951
0962
1660
1738
1751
1843
2043
2194
2392
2593
2681
2699
2786
2845
2865
2872
2874
2889
2915
2938
2953
2966
3019
3048
3054
3071
3079
3099
3148
3189
3193
3274
3395
3396
3503
3527
3558
3574
3582
3586
3706
3736
3758
3764
3836
3893
3924
3962
4014
4016
4087
4134
4139
4166
4175
4181
4203
4230
4254
4271
4283
4293
4327
4353
4373
4377
4429
4509
4538
4602
4625
4667
4697
4698
4707
4734
4744
4749
4752
4779
4796
4802
4804
4822
4840
4845
4857
4875
4885
4902
4919
4924
4966
4969
4974
5049
5059
5079
5106
5281
5290
5329
5381
5427
5670
5680
5724
5730
5797
5805
5848
5855
5890
5914
5961
6002
6004
6046
6088
6129
6130
6147
6177
6190
6201
6215
6219
6233
6236
6287
6293
6315
6319
6339
6387
6392
6433
6444
6445
6489
6507
6524
6579
6589
6605
6613
6618
6632
6648
6684
6811
6820
6872
6881
6887
6922
6925
7008
7058
7067
7122
7125
7154
7158
7163
