4847
4851
4856
4874
4880
4886
5031
5122
5149
5158
5215
5243
5261
5289
5307
5317
5360
5397
5469
5491
5498
5524
5529
5541
5550
5561
5581
5611
5658
5710
5723
5761
5770
5785
5810
5826
5860
5877
5901
6010
6022
6062
6068
6119
6128
6133
6244
6311
6333
6350
6351
6422
6452
6480
6557
6645
6690
6710
6721
6772
6791
6837
6867
6901
6985
7127
7128
7138
7207
7219
7244
7275
7298
7327
7404
7467
7472
7515
7601
7608
7613
7691
7720
7736
7768
7795
7903
8005
8017
8034
8037
8044
8128
8148
8150
8189
8200
8204
8220
8238
8242
8351
8422
8478
8545
8566
8622
8698
8726
8741
8750
8777
8801
8813
8841
8865
8987
8997
9030
9114
9145
9163
9193
9229
9264
9442
9448
9501
9524
9536
9580
9598
9639
9738
9747
9883
9934
0053
0061
0062
0149
0171
0232
0251
0361
0371
0372
0445
0560
0645
0660
0686
0888
0963
0984
1495
1499
1557
1695
1746
1766
1846
2042
2071
2072
2074
2075
2078
2079
2261
2270
2381
2396
2640
2649
2671
2758
2774
2780
2893
2933
2995
3045
3053
3165
3176
3268
3271
3284
3285
3348
3361
3384
3464
3466
3481
3550
3576
3581
3596
3597
3608
3616
3619
3633
3643
3659
3673
3682
3724
3730
3732
3743
3751
3766
3783
3785
3815
3842
3935
3975
4008
4105
4129
4131
4178
4195
4229
4263
4338
4345
4378
4398
4401
4459
4467
4508
4530
4597
4631
4645
4650
4669
4690
4745
4751
4759
4772
4807
4854
