6858
6932
6992
7075
7086
7119
7161
7170
7197
7206
7231
7258
7278
7328
7407
7492
7503
7564
7614
7660
7672
7728
7732
7760
7790
7803
7815
7844
7851
7855
7916
7918
7933
7973
8050
8053
8079
8145
8177
8198
8235
8241
8253
8274
8303
8327
8337
8400
8445
8526
8580
8607
8627
8670
8806
8882
8895
9029
9093
9120
9158
9177
9181
9215
9219
9256
9294
9299
9365
9377
9389
9412
9421
9462
9464
9465
9491
9496
9560
9599
9604
9622
9658
9796
9798
9803
9848
9885
9972
9983
0040
0043
0151
0164
0244
0284
0285
0289
0290
0360
0370
0552
0554
0566
0669
0688
0695
0798
0877
0882
0939
2081
2293
2494
2594
2597
2655
2696
2735
2782
2854
2860
2896
2897
2944
2949
2970
2991
3039
3051
3064
3084
3196
3273
3290
3392
3448
3494
3598
3607
3620
3655
3664
3731
3735
3745
3784
3793
3829
3851
3860
3874
3895
3922
3949
3963
3979
4068
4072
4140
4173
4189
4241
4275
4281
4317
4336
4348
4379
4380
4391
4395
4435
4476
4529
4553
4681
4683
4687
4739
4755
4756
4770
4793
4810
4818
4819
4831
4838
4841
4890
4896
4912
4914
4954
4964
5037
5075
5167
5173
5198
5313
5343
5443
5499
5532
5672
5719
5741
5753
5951
5971
5981
6124
6144
6148
6171
6241
6243
6268
6374
6401
6442
6493
6509
6568
6584
6621
6631
6692
6743
6750
6754
6766
6808
6809
6815
6839
6855
6875
6894
6921
6928
6933
6951
6983
6998
7014
7029
7030
