4859
4893
4913
4916
4937
4939
5023
5029
5034
5056
5139
5145
5166
5175
5297
5301
5314
5345
5379
5391
5402
5422
5437
5453
5484
5502
5516
5582
5614
5663
5671
5691
5709
5750
5764
5818
5823
5876
5927
5999
6020
6035
6113
6186
6187
6189
6212
6213
6246
6269
6284
6313
6361
6362
6386
6410
6415
6454
6474
6482
6518
6642
6698
6714
6781
6800
6824
6825
6833
6852
6879
6882
6898
6907
6915
6979
6991
7013
7057
7082
7109
7115
7132
7205
7226
7239
7263
7269
7364
7389
7424
7433
7469
7502
7521
7539
7545
7558
7565
7646
7665
7702
7715
7723
7792
7808
7823
7827
7928
7929
7966
7976
8024
8086
8087
8105
8124
8193
8213
8222
8227
8281
8291
8302
8382
8388
8452
8518
8546
8550
8563
8591
8617
8690
8754
8755
8766
8796
8797
8817
8832
8858
8883
8885
8886
8928
8944
8956
9062
9137
9194
9210
9218
9247
9252
9279
9321
9324
9346
9348
9366
9371
9514
9586
9613
9701
9733
9739
9818
9836
9854
9908
9950
9968
0047
0054
0057
0065
0067
0136
0271
0278
0355
0378
0400
0444
0451
0454
0551
0564
0732
0869
0885
0891
0959
0998
1658
1672
1757
1791
2036
2037
2041
2059
2383
2598
2660
2673
2675
2738
2756
2769
2776
2798
2838
2847
2852
2884
2914
2941
2942
2968
2982
2984
3026
3072
3077
3088
3138
3178
3295
3374
3385
3398
3405
3532
3561
3562
3601
3653
3656
3717
3726
3729
3740
3747
3756
3757
3775
3826
