3702
3708
3760
3854
3943
4063
4390
4674
4699
4737
4797
4803
4827
4833
4926
4943
4945
4968
5336
5339
5365
5707
5743
5793
5806
5903
5905
5921
5925
5938
6028
6043
6047
6049
6057
6131
6140
6173
6183
6192
6286
6298
6304
6338
6498
6508
6539
6650
6723
6737
6744
6764
6799
6836
6851
6854
6896
6919
6947
7085
7187
7218
7293
7330
7386
7453
7519
7556
7562
7616
7620
7624
7632
7647
7661
7662
7682
7817
7850
7872
7927
8036
8051
8052
8078
8152
8172
8336
8357
8453
8459
8492
8498
8560
8573
8666
8673
8746
8751
8768
8773
9054
9058
9081
9097
9126
9131
9151
9197
9212
9273
9308
9310
9330
9342
9376
9390
9416
9432
9454
9475
9535
9548
9570
9573
9576
9578
9587
9609
9620
9621
9637
9655
9656
9664
9680
9690
9715
9732
9734
9736
9804
9932
0283
0377
0446
0557
0559
0565
0639
0849
0851
0866
0872
0994
2946
3683
3761
3776
3803
3899
3983
4095
4605
4695
4738
4842
4986
5036
5039
5076
5146
5394
5406
5538
5933
5980
5993
6054
6077
6087
6091
6385
6391
6490
6529
6637
6683
6704
6749
6760
6813
6904
6940
6964
7026
7054
7136
7167
7192
7336
7354
7365
7462
7538
7668
7935
8035
8131
8167
8295
8313
8355
8359
8363
8396
8435
8447
8449
8467
8594
8656
8679
8705
8748
8760
8792
8927
9084
9244
9253
9261
9268
9276
9297
9304
9326
9329
9337
9350
9378
9418
9457
9459
9472
9473
9483
9488
9581
9596
