7322
7347
7429
7431
7537
7581
7686
7746
7763
7814
7832
7871
7951
8075
8138
8154
8247
8249
8263
8293
8335
8340
8378
8413
8417
8428
8460
8571
8593
8613
8621
8722
8761
8762
8780
8782
8807
8894
8915
8929
8938
8945
8964
8996
9026
9044
9056
9057
9095
9096
9132
9134
9230
9234
9262
9398
9405
9428
9444
9476
9499
9558
9601
9638
9649
9654
9704
9707
9727
9754
9767
9776
9782
9785
9907
9913
9935
9953
9960
0273
0359
0396
0435
0452
0463
0467
0468
0556
0579
0580
0590
0598
0664
0676
0677
0699
0742
0757
0764
0834
0965
0974
0993
1693
1847
2692
2768
2857
2859
2862
2899
2924
2962
2976
2998
3059
3078
3083
3172
3482
3492
3723
3755
3861
3862
3866
3902
3926
3952
3957
3966
3968
3988
4034
4049
4052
4061
4082
4107
4174
4183
4186
4273
4297
4299
4304
4339
4384
4389
4636
4642
4643
4675
4676
4692
4705
4717
4736
4763
4795
4799
4805
4837
4898
4906
4922
4946
4956
4984
4985
5016
5083
5095
5128
5136
5206
5286
5296
5302
5367
5380
5382
5399
5403
5405
5429
5480
5508
5537
5583
5594
5631
5640
5649
5718
5751
5766
5834
5856
5915
5918
5923
6032
6037
6106
6108
6121
6159
6208
6299
6301
6335
6349
6373
6388
6423
6426
6436
6471
6487
6499
6550
6561
6580
6581
6640
6728
6759
6802
6880
6892
6908
6936
6950
6961
6975
6982
7016
7039
7076
7079
7134
7168
7184
7191
7215
7216
7243
7291
7294
