7341
7352
7356
7368
7381
7428
7489
7496
7542
7547
7550
7634
7681
7685
7690
7692
7699
7739
7743
7804
7859
7924
7941
7945
7950
7954
7986
8099
8122
8129
8175
8224
8254
8261
8262
8328
8373
8380
8390
8419
8454
8481
8483
8495
8540
8549
8570
8605
8608
8615
8657
8659
8661
8663
8665
8685
8704
8707
8709
8730
8752
8753
8763
8764
8775
8820
8854
8859
8909
8924
9018
9045
9060
9089
9104
9105
9124
9162
9176
9179
9233
9248
9267
9309
9336
9383
9396
9403
9408
9426
9437
9440
9451
9487
9495
9504
9552
9562
9603
9612
9651
9667
9706
9723
9751
9765
9775
9783
9823
9860
9867
9882
9905
9941
9952
0185
0397
0399
0433
0434
0437
0464
0466
0536
0549
0558
0658
0680
0697
0737
0758
0773
0835
0862
0870
0875
0934
0936
0992
2693
2793
2867
2937
2952
2961
3067
3293
3595
3774
3778
3780
3852
3857
3868
3905
3958
3970
3991
4043
4046
4053
4067
4089
4106
4167
4182
4193
4237
4276
4291
4358
4364
4437
4473
4572
4607
4724
4726
4843
4899
4917
4948
4995
5063
5186
5197
5274
5340
5607
5642
5685
5694
5705
5734
5737
5803
5916
5944
5973
5974
6019
6045
6063
6080
6149
6151
6202
6253
6342
6358
6360
6467
6472
6473
6478
6527
6585
6591
6595
6596
6634
6701
6739
6745
6753
6938
6945
7048
7060
7087
7105
7153
7246
7261
7284
7316
7366
7430
7463
7506
7534
7570
7592
7617
7642
7663
7696
7813
7953
7970
