9694
9755
9762
9772
9778
9827
9843
9850
9863
9946
9974
0259
0293
0299
0340
0390
0460
0498
0681
0795
0975
3749
3896
3904
3906
3964
3998
4056
4493
4629
4696
4965
5084
5093
5195
5393
5398
5936
5947
5972
5992
6013
6018
6026
6075
6089
6197
6296
6359
6396
6528
6560
6729
6816
6846
6850
6857
6893
6939
7032
7049
7345
7348
7443
7599
7835
7939
7944
7949
7996
8045
8047
8058
8063
8149
8268
8276
8296
8365
8553
8592
8781
8783
8940
8982
9065
9129
9136
9167
9217
9240
9282
9320
9344
9362
9429
9467
9492
9509
9543
9589
9592
9593
9668
9817
9858
0095
0266
0298
0380
0392
0538
0548
0596
0597
0671
0693
0745
0751
0756
0768
0843
0860
0894
0949
3660
3752
3754
3872
3903
3907
3929
3955
3967
3986
4048
4081
4703
4963
4996
5094
5209
5929
6055
6138
6142
6247
6343
6382
6390
6403
6734
6831
6949
7084
7097
7141
7169
7438
7552
7593
7730
7937
7947
8194
8229
8270
8326
8354
8551
8628
8635
8647
8652
8717
8744
8837
8849
8935
8962
9043
9143
9186
9307
9334
9374
9379
9382
9402
9406
9489
9534
9616
9650
9740
9835
9862
0384
0438
0480
0646
0651
0674
0679
0736
0766
0845
0853
0964
3049
3076
3086
3796
3934
4093
4097
4764
4927
4930
4970
5068
5099
5196
5328
5373
5389
5497
5956
6041
6076
6182
6306
6307
6434
6905
6927
6929
7038
7046
7148
7434
7435
7450
7460
7495
7554
7652
7695
7740
7843
