9328
9369
9387
9388
9404
9425
9461
9470
9493
9525
9530
9537
9646
9648
9717
9724
9741
9745
9746
9752
9795
9840
9895
0160
0394
0395
0461
0490
0545
0583
0631
0637
0650
0662
0733
0765
0791
0881
0886
0938
0967
2076
2096
3297
3808
3871
3923
3965
3997
4038
4138
4368
4376
4408
4623
4821
4907
4938
4944
4978
4990
5092
5338
5704
5720
5739
5745
5796
5902
5942
5964
6034
6048
6051
6065
6074
6238
6308
6320
6348
6356
6380
6417
6501
6503
6562
6571
6572
6588
6620
6643
6796
6821
6830
6902
6943
6952
6957
7009
7053
7099
7165
7182
7203
7236
7241
7242
7314
7392
7498
7670
7801
7837
7870
7968
8038
8091
8141
8144
8162
8297
8306
8341
8353
8418
8430
8450
8556
8597
8640
8677
8695
8767
8826
8834
8860
8867
8942
8943
8955
9152
9157
9161
9224
9278
9285
9291
9341
9441
9508
9520
9554
9556
9590
9627
9641
9642
9671
9675
9686
9749
9806
9829
9837
9853
9936
9945
9954
9959
0334
0353
0373
0379
0481
0497
0541
0553
0644
0649
0796
0832
0833
0858
0874
0941
0946
0968
0971
2051
2843
2964
2967
3081
3529
3549
3589
3744
3858
3897
3974
3976
4058
4070
4075
4088
4239
4370
4394
4396
4706
4743
4766
4782
4809
4897
4931
4933
4935
4981
5035
5061
5062
5192
5374
5385
5495
5725
5728
5731
5738
5742
5774
5835
5837
5871
5909
5949
5997
6042
6081
6103
6172
6252
6278
6414
6429
6430
6491
6506
6536
