8048
8064
8329
8364
8374
8496
8548
8634
8680
8714
8718
8953
8995
9033
9035
9236
9245
9360
9375
9415
9434
9435
9436
9477
9626
9643
9673
9730
9748
9768
9857
9906
9948
0146
0261
0294
0374
0381
0496
0499
0575
0643
0735
0784
0836
0842
0855
0960
2894
3046
3063
3768
3772
3950
3980
4037
4064
4073
4079
4309
4634
4730
4839
4928
5086
5376
5838
5948
5994
5996
6085
6137
6167
6194
6237
6440
6695
6720
6738
6804
6826
6856
6862
6935
6937
7043
7064
7340
7362
7549
7629
7967
8072
8174
8259
8443
8493
8619
8643
8735
8736
8776
8795
8941
8983
9032
9034
9046
9108
9206
9289
9313
9352
9353
9358
9380
9385
9386
9445
9468
9564
9607
9617
9702
9743
9833
0389
0393
0443
0492
0595
0743
0749
0762
3091
3809
3873
3898
3932
4704
5097
5729
5749
6038
6052
6053
6072
6139
6495
6594
6727
6748
6792
6818
6823
7037
7370
7493
7618
7683
7834
7994
8041
8043
8362
8568
8653
8697
8725
8747
8794
8960
9130
9183
9241
9246
9257
9384
9549
9572
9728
9769
9816
9892
9928
0292
0362
0436
0659
0947
0961
5073
5549
5935
5982
6058
6193
6394
7346
7358
7360
7396
7439
7597
7930
7990
8097
8278
8395
9049
9249
9287
9407
9446
9624
9893
9926
0296
0537
0692
0760
3093
4085
4305
4603
4604
4618
4962
5726
5817
5934
6071
6086
6229
6346
6408
6438
6573
6735
6736
7041
7059
7194
7196
7350
7628
7948
8294
8339
8349
