7972
7975
8027
8054
8066
8071
8142
8185
8195
8223
8273
8280
8473
8479
8519
8554
8599
8603
8610
8631
8655
8693
8835
8840
8845
8917
9005
9053
9055
9075
9078
9103
9142
9169
9223
9242
9277
9284
9318
9319
9322
9338
9431
9443
9466
9503
9521
9553
9602
9644
9676
9684
9719
9720
9757
9766
9771
9781
9793
9814
9825
9841
9844
9869
9881
9884
9970
0051
0139
0194
0264
0265
0363
0376
0382
0471
0472
0494
0568
0581
0632
0641
0752
0761
0797
0840
0887
0895
0953
0956
0983
0996
2394
2851
2993
3052
3065
3092
3095
3292
3449
3496
3704
3762
3771
3797
3804
3956
3973
4076
4086
4094
4162
4296
4307
4360
4361
4362
4407
4481
4630
4638
4693
4735
4767
4814
4892
4920
4975
5047
5057
5096
5098
5137
5178
5185
5327
5395
5608
5703
5732
5795
5873
5920
5930
5954
5976
5984
6005
6127
6141
6152
6178
6196
6218
6240
6291
6344
6371
6379
6393
6435
6437
6505
6551
6552
6607
6614
6619
6703
6708
6715
6716
6717
6751
6757
6780
6798
6883
6916
6956
7019
7035
7040
7081
7106
7124
7249
7255
7295
7343
7369
7398
7442
7451
7487
7499
7516
7522
7526
7544
7626
7671
7674
7816
7822
7846
7917
7932
7943
7960
7961
7969
8032
8171
8206
8225
8230
8368
8399
8423
8442
8463
8470
8476
8536
8561
8601
8644
8658
8671
8699
8758
8804
8838
8851
8861
8862
8904
8959
8984
9028
9072
9109
9127
9195
9214
9272
9280
9314
