6652
6702
6834
6860
6865
6931
6953
6986
7066
7083
7108
7286
7324
7338
7344
7363
7384
7385
7395
7405
7437
7483
7490
7494
7520
7527
7572
7631
7820
7831
7840
7841
7853
7957
8028
8049
8094
8151
8156
8161
8239
8331
8360
8361
8369
8377
8392
8434
8441
8466
8497
8517
8543
8602
8614
8623
8630
8639
8681
8708
8732
8734
8757
8784
8803
8857
8906
8975
9016
9039
9059
9061
9086
9094
9156
9160
9164
9171
9172
9220
9235
9237
9258
9260
9270
9274
9283
9332
9356
9438
9450
9532
9625
9674
9692
9794
9826
9828
9859
9866
9894
9930
9943
9949
9958
9962
9967
0197
0237
0253
0368
0388
0648
0665
0685
0739
0740
0884
0899
3073
3497
3592
3709
3920
3954
3992
4065
4091
4092
4374
4495
4672
4776
4829
4894
4929
4993
5066
5067
5319
5349
5361
5396
5627
5740
5794
5919
5939
5958
6180
6203
6207
6209
6239
6271
6309
6370
6395
6447
6448
6458
6526
6576
6709
6746
6838
6841
6861
6864
6873
6924
6993
7186
7209
7238
7397
7583
7641
7694
7762
7836
7992
8062
8069
8096
8132
8136
8139
8165
8333
8387
8439
8440
8606
8609
8682
8696
8724
8905
8932
8954
9042
9189
9243
9259
9266
9271
9275
9316
9325
9372
9397
9471
9540
9571
9661
9688
9708
9716
9763
9770
9780
9838
0183
0195
0348
0366
0449
0465
0473
0543
0591
0636
0638
0656
0687
0694
0781
0837
0857
0861
0863
0867
0950
0952
0954
3094
3394
3498
3499
