8394
8903
8952
9036
9063
9085
9107
9139
9141
9269
9351
9433
9640
9679
9846
9861
0670
0673
0839
2493
4392
4904
6303
6706
6807
8057
8074
8578
8638
8739
8829
8926
8961
9048
9066
9174
9207
9209
9228
9419
9574
9670
0544
0589
0672
0767
0940
5706
6073
6376
6384
6439
6538
6732
6763
6817
6843
6853
7052
7149
7635
7639
7698
7838
8061
8344
8637
8743
9037
9149
9205
9208
9302
9361
9538
9615
9645
9682
9735
9759
0696
4083
4905
6056
6092
6863
7056
7461
7636
7830
7962
8059
8095
8737
9305
9364
9409
9528
9703
9839
0447
4940
5194
6079
6084
6094
6492
6724
6805
6906
7061
7094
7339
7938
8334
8376
8620
8641
9051
9068
9073
9185
9370
9482
9647
9681
9683
0593
0647
0746
0793
3951
4761
6059
6078
6328
6629
6829
8039
8092
8429
8839
8947
9038
9064
9178
9359
9367
9381
9391
9447
9460
9628
9660
9726
9729
0856
3953
6097
6726
7091
8076
8728
9469
9529
9608
9940
0763
0847
4934
5928
6095
6297
6496
8346
8356
8538
8598
8729
8738
8936
8939
9265
9343
9347
9737
0794
6096
7638
8067
8973
9340
9373
9550
6098
6803
6994
7436
8636
9430
0635
6039
7036
7349
7693
8065
8137
8437
8948
9138
9938
0675
9071
9076
9148
9159
9526
3794
6082
7065
8397
8539
8646
9695
9805
6806
7993
8146
8343
8557
0439
8438
9047
9539
6093
7063
8196
6827
7394
0859
8957
9480
6793
0738
8398
6835
7637
9629
8093
8068
