5943
6016
6135
6146
6156
6174
6205
6216
6259
6260
6322
6327
6347
6378
6402
6475
6558
6603
6617
6635
6691
6718
6742
6779
6847
6899
6917
6941
6948
6962
6995
7028
7031
7055
7074
7092
7107
7160
7180
7230
7251
7281
7299
7315
7317
7323
7353
7380
7432
7459
7514
7560
7568
7571
7589
7609
7615
7735
7750
7754
7764
7828
7842
7875
7906
7925
7940
7955
7974
8026
8160
8163
8173
8197
8232
8233
8299
8309
8315
8323
8330
8370
8375
8379
8386
8446
8458
8465
8490
8529
8674
8703
8719
8720
8727
8733
8827
8872
8918
8930
8966
9027
9079
9144
9146
9168
9231
9251
9301
9315
9323
9335
9417
9420
9453
9484
9516
9517
9522
9657
9714
9832
0173
0181
0186
0277
0280
0295
0448
0547
0572
0578
0585
0633
0642
0682
0698
0753
0755
0785
0838
0883
0893
0966
2672
2943
2983
2994
3038
3097
3174
3263
3346
3487
3491
3604
3671
3674
3759
3782
3805
3830
3847
3856
3878
3881
3882
3909
3913
3921
3930
3959
3961
3969
3985
4071
4074
4090
4098
4165
4287
4289
4298
4349
4366
4399
4463
4479
4503
4627
4635
4702
4870
4903
4955
4961
4998
5065
5081
5109
5148
5179
5273
5383
5493
5540
5597
5605
5636
5638
5721
5744
5979
6014
6090
6132
6176
6195
6267
6281
6330
6332
6375
6409
6416
6450
6451
6459
6479
6522
6564
6597
6615
6628
6641
6646
6651
6659
6722
6741
6794
6897
6903
7044
7062
7181
7193
7267
7297
7307
